59504.000000 -2862.000000 2094.000000 465649.937500 3315.172363 240305.984375 2.126426 3.170946 2.379294 5365.644043 255.471161 519.887268 0.590994 0.489385 -0.350928
60351.000000 -2765.000000 2605.000000 414851.281250 1255.655029 221565.953125 2.250792 3.297128 2.336604 5447.407227 253.943314 522.163696 -0.106111 -0.390318 -0.479122
60103.000000 -2661.000000 2512.000000 465124.687500 1503.620728 249487.500000 2.027701 3.010533 2.041830 5418.496582 238.860062 541.226807 0.965766 0.567022 -0.417204
42849.000000 -2429.000000 871.000000 829053.750000 210309.593750 231855.109375 3.334801 2.779562 3.200518 3877.789795 414.206116 491.109192 0.033931 -0.243393 -0.055889
54396.000000 -9299.000000 1878.000000 3617919.500000 1011515.187500 797409.937500 3.324138 2.759182 3.128923 5151.702148 1134.196533 869.243225 0.374954 -0.034115 0.039334
68880.000000 -10031.000000 2717.000000 3811319.250000 2030344.375000 417595.468750 3.275201 3.050449 2.937196 6564.264160 1437.883545 573.216370 -0.426313 0.106090 -0.199643
57714.000000 -8009.000000 1086.000000 296921.437500 272779.062500 308920.468750 2.834358 3.332802 3.114862 5196.265625 838.013062 551.141541 -0.002742 -0.682062 -0.317569
58913.000000 -11004.000000 -2037.000000 679631.562500 17533.035156 332781.187500 2.482954 2.841238 2.471111 5307.333496 985.771667 584.378235 0.984298 -0.241783 0.300198
58794.000000 -10725.000000 -108.000000 457504.031250 7462.690430 230267.046875 2.179210 2.563843 2.298101 5310.642578 964.372742 472.266174 0.923565 -0.180187 -0.019618
59946.000000 -239.000000 1346.000000 438687.250000 158.275864 250081.328125 1.904982 3.313843 2.130079 5404.601562 21.573109 505.739410 0.610734 -0.041232 -0.243992
60286.000000 -121.000000 1290.000000 415083.812500 58.482754 251273.171875 1.991690 2.546978 2.075060 5437.888184 13.103391 504.921112 -0.771094 -0.378592 -0.245478
47806.000000 -107.000000 1019.000000 459767.218750 101949.734375 249726.281250 3.326223 2.757277 3.028363 4285.335449 263.881409 492.953278 0.017401 0.153522 -0.156247
58894.000000 -9594.000000 -454.000000 2658545.000000 456701.312500 467190.250000 3.323853 3.065079 3.190910 5499.095703 1023.538147 647.897888 0.446024 -0.245095 0.151975
70500.000000 -8796.000000 -1032.000000 2428613.500000 510512.812500 218632.031250 3.330559 3.012594 3.310021 6595.068359 964.918396 333.980530 -0.570637 0.131619 0.110755
60342.000000 -4512.000000 2358.000000 637769.937500 156108.765625 527709.937500 3.207936 3.156729 2.571243 5387.060059 519.676270 739.557129 0.652712 -0.520727 -0.221930
59807.000000 -8957.000000 184.000000 552797.000000 9422.758789 264830.375000 2.164109 3.101116 2.471268 5401.847656 801.917847 509.776215 0.807454 0.076339 -0.015407
59679.000000 -8036.000000 -325.000000 495710.031250 5737.827637 246684.171875 2.193929 2.385572 2.131005 5389.076172 722.360229 491.115814 0.853654 -0.541298 0.035067
59928.000000 -7749.000000 -658.000000 466933.687500 3914.344727 258678.828125 2.158717 2.304029 2.185737 5406.366699 697.041016 500.066956 0.951507 -0.663268 0.117769 
59975.000000 -1674.000000 4437.000000 407215.093750 2466.689697 222138.781250 2.060033 2.824254 2.354006 5411.294922 157.722870 610.845337 0.074842 0.469290 -0.660531
60309.000000 -1808.000000 4402.000000 434276.250000 1137.586182 235115.640625 1.885351 3.028972 2.123849 5439.141113 165.779404 623.786194 0.887781 0.425420 -0.633779 
48501.000000 -459.000000 3492.000000 312647.656250 44518.929688 206589.437500 3.275192 2.924979 3.037686 4346.494141 190.506531 548.651184 -0.242727 0.154921 -0.263506 
51127.000000 -10948.000000 564.000000 2497431.500000 531322.625000 554023.875000 3.350021 2.949329 3.266254 4798.990723 1169.416626 719.788452 0.569823 -0.204200 0.101017
70949.000000 -14789.000000 -584.000000 2164083.250000 307387.531250 496899.687500 3.293478 2.792323 3.345459 6636.148438 1409.848633 560.157104 -0.888529 -0.005416 0.142578
68206.000000 -10226.000000 5035.000000 1088750.375000 95869.828125 666895.562500 3.210933 2.979318 2.441052 6064.371582 934.000732 929.471863 0.939860 0.491162 -0.202423
58402.000000 -11578.000000 3429.000000 432968.312500 21071.757812 194218.406250 2.657935 3.304544 2.586253 5282.665039 1063.269165 537.253357 0.475056 -0.496991 -0.579718
58196.000000 -12015.000000 2949.000000 481195.187500 36227.933594 228058.687500 2.380219 2.258934 2.734937 5249.774902 1089.329834 533.689148 0.935875 0.115368 -0.498066
59165.000000 -12126.000000 2001.000000 443046.406250 13574.863281 216478.890625 2.067781 2.651837 2.551196 5338.530273 1092.268921 495.393616 0.951884 -0.091155 -0.356162
60059.000000 -1613.000000 3887.000000 402084.218750 882.103394 234742.890625 1.941234 2.734942 2.112668 5413.583008 146.194962 592.745117 0.935394 0.720758 -0.600759
59995.000000 -1496.000000 3762.000000 429613.781250 1070.241333 229053.000000 1.825669 2.803179 2.136873 5410.471191 136.291428 582.252014 0.805623 0.825275 -0.589297
60211.000000 -1445.000000 3704.000000 416218.406250 981.620667 234013.437500 1.944579 2.687061 2.093188 5428.838379 132.809143 584.274353 0.418299 0.566179 -0.589880
55065.000000 -775.000000 2371.000000 276754.968750 3881.655273 274841.593750 2.764989 2.942886 2.581989 4939.661133 89.709068 545.651733 0.172340 0.043206 -0.330118
43688.000000 -6146.000000 -1029.000000 1749136.125000 147877.453125 456124.343750 3.243882 3.140471 2.799284 4079.861816 638.691528 674.014832 0.749896 -0.179856 0.239768
63830.000000 -8415.000000 -1500.000000 2013800.250000 82368.617188 131845.546875 3.186043 3.258015 3.298102 6007.345703 810.441528 379.341461 -0.844517 -0.142212 -0.075619
73199.000000 -8575.000000 4680.000000 2272692.000000 260425.093750 1596293.625000 3.184586 2.840682 3.162753 6510.471680 844.871521 1183.392578 0.912686 0.193292 -0.221251
57881.000000 -10137.000000 1948.000000 769797.562500 16978.896484 204960.437500 2.187758 3.067521 2.452141 5243.220215 925.278015 478.754791 0.834197 -0.411596 -0.396121
59223.000000 -10295.000000 2480.000000 468946.968750 13003.447266 238771.046875 2.204795 2.750509 2.403459 5343.003418 930.329224 530.156250 0.966741 0.115280 -0.402047
60096.000000 -2088.000000 1079.000000 415163.343750 424.655151 245472.609375 1.964611 3.005499 2.132595 5420.784180 188.848358 494.486206 0.494056 -0.547321 -0.216909
56684.000000 -2389.000000 71.000000 305705.093750 6100.585449 279535.093750 2.139632 3.093083 2.474844 5091.207520 226.637177 516.377380 0.330772 -0.096926 -0.089878
40263.000000 -8837.000000 -876.000000 1178097.125000 119937.968750 481636.562500 3.146475 3.286495 2.401809 3691.569092 875.382874 664.726624 0.637305 -0.063121 0.195271
60866.000000 -12892.000000 -3358.000000 1973089.250000 111366.203125 93282.250000 3.193623 3.326653 3.134612 5710.104004 1217.162476 411.924988 -0.553446 -0.238641 0.038002
78173.000000 -11672.000000 689.000000 1121336.500000 26147.517578 538503.875000 3.208104 3.232401 3.004006 7050.900879 1062.201416 697.032593 0.528758 0.138108 -0.007086
60082.000000 -12308.000000 2458.000000 449793.125000 46253.453125 260770.437500 2.597009 3.240672 2.858933 5412.189941 1135.449707 531.703979 0.499438 -0.549696 -0.411290
57579.000000 -13306.000000 1439.000000 553461.875000 29150.517578 288819.062500 2.484954 2.743565 2.367906 5193.525391 1195.662476 545.038269 0.956427 0.315345 -0.216884
58432.000000 -12157.000000 678.000000 504644.000000 20815.171875 230978.234375 2.339327 2.644369 2.324454 5284.267578 1096.820312 478.034424 0.852381 -0.232848 -0.171165
58796.000000 -11844.000000 941.000000 502387.343750 12151.929688 261914.140625 2.175581 2.533677 2.302579 5303.359375 1064.537842 509.666046 0.968446 -0.034379 -0.163302 
59973.000000 -1493.000000 2314.000000 418068.625000 622.551636 240545.203125 1.895014 3.202714 2.001561 5407.410156 134.569763 526.420776 0.501809 0.294906 -0.409021
59915.000000 -1331.000000 2185.000000 429996.250000 631.413818 245378.781250 1.914407 3.115149 2.024188 5402.055664 119.966034 524.888855 0.714106 0.325522 -0.385894
58036.000000 -2217.000000 2049.000000 319890.281250 6871.620605 230859.515625 2.385162 2.779376 2.149157 5218.205078 215.763092 508.512421 0.224912 -0.072950 -0.408097
41317.000000 -7258.000000 493.000000 550409.750000 138760.109375 242294.000000 3.294623 3.132548 2.919902 3700.192383 740.491150 486.601532 0.450479 -0.270206 -0.024547
57820.000000 -9631.000000 -5340.000000 1915857.000000 240511.359375 221213.968750 3.322331 2.993949 3.014641 5405.508301 944.462891 696.651245 0.096235 -0.091913 0.226779
76266.000000 -8026.000000 -1455.000000 1539116.750000 169721.953125 222893.562500 3.335031 3.205476 3.281258 7057.567383 747.315552 450.248840 -0.647716 0.216033 0.088793
63243.000000 -11780.000000 4589.000000 892790.687500 155068.171875 690067.500000 3.288525 3.157561 2.850679 5619.746582 1117.199097 864.794250 0.810354 -0.331540 -0.324100
59019.000000 -14318.000000 -1284.000000 415686.281250 14032.758789 234348.984375 2.701189 3.167698 2.631470 5328.833496 1285.776123 500.644897 0.617575 -0.131480 0.275144 
58051.000000 -12307.000000 -1504.000000 418996.531250 10550.827148 243027.062500 2.227662 2.757888 2.121181 5241.814453 1104.579468 495.669891 0.848958 -0.307364 0.231217
59863.000000 -2746.000000 4999.000000 437635.343750 3888.723877 206645.062500 1.829161 2.928284 2.292256 5399.009277 249.817169 636.325317 0.750536 0.727800 -0.709701
60119.000000 -2701.000000 4349.000000 422233.968750 2355.241455 224511.031250 1.852933 2.714261 2.112983 5421.474121 247.975601 609.675293 0.796052 0.535464 -0.648318
55099.000000 -2734.000000 3180.000000 274353.187500 10191.792969 262297.812500 2.881394 2.706694 2.711994 4942.969727 258.486755 570.133057 0.274773 0.093203 -0.429066
45453.000000 -9069.000000 2448.000000 1234021.250000 63815.445312 291192.625000 3.227879 3.067071 2.964335 4165.921875 860.190002 587.605713 0.831974 -0.244419 0.025707
60514.000000 -13539.000000 32.000000 1827595.000000 552203.812500 161203.234375 3.279133 3.192966 2.808679 5681.256836 1394.904785 337.743042 -0.777853 -0.131238 -0.277844
68806.000000 -14792.000000 4806.000000 1418414.625000 336572.750000 697147.750000 3.086083 3.282813 2.625090 6134.570801 1402.737915 976.182983 0.723898 0.151666 -0.074717
57917.000000 -15427.000000 2905.000000 635290.375000 131624.468750 162996.781250 3.135455 3.269772 3.087888 5273.223145 1431.821777 475.352539 0.140995 0.088085 -0.459983
58010.000000 -13624.000000 370.000000 492439.781250 13624.862305 236730.703125 2.306803 3.259069 2.480016 5245.659180 1237.245483 472.059357 0.736349 -0.749310 -0.093798 
58231.000000 -12858.000000 449.000000 538475.062500 23818.138672 250028.625000 1.901463 2.719870 2.062701 5259.947754 1156.265137 491.315155 0.950777 -0.001205 -0.111963 
59988.000000 -360.000000 4332.000000 417863.781250 417.000000 223529.437500 1.830904 2.929615 2.043172 5408.902832 37.898277 608.635071 0.185634 0.781924 -0.647646
60160.000000 -455.000000 4333.000000 421275.218750 391.517242 230426.265625 1.834880 2.717565 2.072584 5424.906738 45.383133 612.990845 0.282440 0.676616 -0.641603
60255.000000 -375.000000 4478.000000 423321.062500 555.931030 219138.312500 1.877698 3.076773 2.085280 5434.370605 40.420158 614.406982 0.157825 0.490619 -0.659798
53176.000000 -1652.000000 3698.000000 301566.656250 27673.207031 210126.375000 3.037741 2.948766 2.623160 4766.696289 199.309128 563.128235 0.065164 0.107979 -0.424535
47079.000000 -6887.000000 -887.000000 1702307.875000 128267.781250 333978.406250 3.274006 2.908999 2.944425 4361.751953 699.393616 565.888489 0.889548 -0.355456 0.269547
66462.000000 -7551.000000 -3256.000000 1959443.625000 50271.789062 148940.203125 3.041993 3.138768 3.225688 6227.255859 714.688110 459.403107 -0.957742 -0.095401 0.055352
71723.000000 -9310.000000 2648.000000 2115391.250000 168466.828125 1094120.375000 3.170344 3.167758 2.862307 6387.394531 875.650452 1062.319092 0.933228 0.169177 -0.011127
58466.000000 -11587.000000 305.000000 514501.531250 44111.484375 145519.593750 2.885690 2.778576 2.953584 5314.432617 1069.354736 384.641785 0.067802 -0.164363 -0.118038
58499.000000 -10707.000000 1271.000000 396402.593750 9848.516602 220481.906250 2.280659 3.292265 2.535163 5279.010254 971.902222 473.884338 0.666154 -0.423640 -0.279309
60050.000000 859.000000 4827.000000 458842.093750 274.413788 228419.375000 1.859345 3.012813 2.135064 5415.662109 79.192451 642.667419 -0.344576 -0.905947 -0.682246
59546.000000 776.000000 4661.000000 375265.187500 1448.448242 224130.125000 1.844284 2.536125 2.023882 5364.576660 78.957336 628.488464 -0.241727 -0.751732 -0.679352
40169.000000 -1077.000000 3113.000000 693270.500000 113770.828125 241396.031250 3.324027 2.943470 2.663488 3607.873291 268.472748 555.279785 0.259649 -0.183938 -0.198932
55813.000000 -9890.000000 234.000000 2697444.750000 101859.343750 525605.125000 3.181387 3.296402 2.980366 5277.197754 963.056091 690.819885 0.210033 -0.033419 0.100691
76578.000000 -13132.000000 -818.000000 2037987.875000 198420.890625 264562.750000 3.233288 3.267368 3.020228 7090.393555 1251.928589 532.508972 -0.624476 -0.072659 -0.052018
61378.000000 -12521.000000 -468.000000 1485465.875000 505520.781250 763645.062500 3.152359 2.844140 2.410543 5455.981445 1249.747925 862.709229 0.863994 -0.603797 0.064333
58405.000000 -15182.000000 -2836.000000 804246.500000 115461.343750 344574.687500 2.688574 3.054488 2.656712 5272.429688 1369.772705 636.279785 0.788071 0.108056 0.391248
57606.000000 -14173.000000 -1651.000000 444931.781250 13320.756836 258707.187500 2.137291 2.505922 2.285464 5202.569336 1272.408203 514.571411 0.959434 -0.466635 0.279167
57558.000000 -13722.000000 -3262.000000 490899.906250 18878.171875 268724.875000 1.948346 2.552754 2.476024 5196.158203 1233.863525 588.830811 0.963787 -0.447945 0.489075
59977.000000 -2885.000000 2522.000000 428509.812500 1099.344849 234472.312500 1.841594 2.511236 2.118793 5408.774902 261.152374 528.876282 0.870341 0.044443 -0.437258
59970.000000 -2921.000000 2623.000000 434755.656250 1506.000122 234333.437500 1.810894 2.262980 2.058613 5408.480469 264.069183 531.060303 0.969603 0.567813 -0.452046
59944.000000 -2838.000000 2715.000000 436569.875000 1147.931030 238518.671875 1.802368 2.098815 2.054949 5406.288574 256.154388 539.687988 0.983305 0.581246 -0.462896
59926.000000 -2808.000000 2749.000000 439313.187500 1283.896606 236535.796875 1.793255 2.313742 1.987987 5404.617188 253.423599 540.908569 0.977852 0.769067 -0.466082
57606.000000 -3555.000000 2360.000000 357019.343750 7464.275391 239876.156250 2.419700 3.139668 2.076453 5182.366699 329.320282 533.156128 0.386434 0.037657 -0.437061
35237.000000 -7739.000000 -72.000000 1071353.250000 316812.812500 512649.687500 3.319250 2.505814 3.187946 3207.722412 834.938782 715.146179 0.371684 -0.105754 0.035887
61300.000000 -13846.000000 -8769.000000 3679690.250000 155008.671875 988077.312500 3.073370 3.210812 3.162376 5843.607910 1309.407715 1257.636963 -0.126295 -0.062079 0.115465
78925.000000 -14197.000000 -2096.000000 1913510.375000 124188.726562 1766733.875000 3.099798 3.285415 3.171803 7196.844238 1342.256226 1153.233032 0.044730 -0.128182 0.022915
55659.000000 -12305.000000 2218.000000 1124433.500000 176349.687500 525066.500000 3.182831 2.612660 3.128726 4968.566895 1152.945923 683.599121 0.804555 -0.028672 -0.167316
