59822.000000 -4986.000000 2645.000000 425480.750000 4123.655273 237574.343750 1.816735 2.183788 2.053145 5395.441406 449.983643 536.292053 0.866258 0.556651 -0.453498
59756.000000 -5033.000000 2369.000000 447630.562500 3800.517090 239207.359375 1.793988 2.834962 2.174281 5390.217285 454.772552 525.798828 0.855321 -0.122034 -0.413397
59712.000000 -5149.000000 2147.000000 455904.625000 3475.620361 242282.406250 1.796037 2.711713 2.029556 5386.922852 462.889191 520.739868 0.964553 0.450345 -0.382927
59854.000000 -5202.000000 1725.000000 462510.406250 3585.379395 254542.531250 1.801334 2.468374 2.111799 5400.635742 469.487183 519.021545 0.889768 -0.032333 -0.303494
65499.000000 2312.000000 1696.000000 733981.812500 177662.781250 315689.281250 2.773677 3.340973 2.128958 5942.609375 452.451965 548.581238 -0.062269 -0.119300 -0.136578
62560.000000 4813.000000 6374.000000 503743.468750 584984.125000 203594.515625 3.248055 3.313264 3.134511 5651.241699 843.168335 753.186462 -0.174724 -0.457997 -0.550249
52030.000000 -18268.000000 6622.000000 759518.625000 1157818.625000 557306.250000 3.274799 3.267877 2.884893 4610.458496 1894.949097 928.048462 0.424779 -0.865164 -0.282313
52355.000000 -24255.000000 -865.000000 756163.562500 207626.375000 147373.828125 3.004139 3.168218 3.211794 4803.313477 2161.727539 405.011444 0.052241 0.438039 0.131350
58634.000000 -10898.000000 1310.000000 636228.250000 17812.068359 356426.031250 2.059765 3.328357 3.039783 5303.960449 968.167358 569.403503 0.663954 0.256233 -0.260182
59700.000000 -3424.000000 -131.000000 501617.062500 831.103455 252834.453125 1.820563 2.712930 1.981667 5387.018555 308.207794 492.818420 0.941955 -0.933781 0.010249
59846.000000 -3500.000000 -144.000000 435109.343750 843.862061 257661.000000 1.777431 2.949015 2.003295 5397.217285 314.711456 496.465179 0.951763 -0.891754 0.012867
59836.000000 -3544.000000 -141.000000 436233.125000 911.344910 254637.015625 1.819217 2.522820 2.059095 5396.384277 318.493469 495.578888 0.979881 -0.821020 0.014455
59779.000000 -3560.000000 -137.000000 427223.375000 773.034546 248143.828125 1.828810 2.500538 2.073606 5390.956055 319.768219 489.263092 0.962076 -0.739002 0.013745
60239.000000 392.000000 -580.000000 470312.218750 39769.792969 296915.937500 2.122886 3.262026 2.297790 5436.457520 185.902954 518.680237 -0.046662 0.057439 0.119519
60176.000000 6861.000000 -88.000000 559576.312500 125207.757812 329842.406250 2.557132 3.135389 2.956225 5441.330566 708.490234 571.775391 -0.210419 -0.617481 -0.053682
59604.000000 -9277.000000 1384.000000 193532.656250 595910.875000 198872.406250 2.702925 3.150293 2.869104 5371.101074 1097.257202 465.300720 0.048750 -0.542192 -0.230564
58349.000000 -17096.000000 259.000000 574651.812500 169930.546875 426005.343750 2.457414 3.037338 3.082433 5261.428711 1584.401978 598.119568 0.288602 -0.065896 -0.076242
58638.000000 -6316.000000 -138.000000 879503.875000 124203.515625 385991.812500 1.988063 3.328015 2.911975 5315.937988 545.238831 583.398010 0.225199 0.398569 -0.043564
59327.000000 -7037.000000 -76.000000 454697.906250 4160.172363 258004.109375 1.865484 2.389811 2.205825 5352.173340 633.080566 495.633667 0.977778 -0.556944 -0.001983
59436.000000 -7020.000000 876.000000 456450.250000 5444.586426 251536.859375 1.937172 2.398607 2.229794 5362.649902 631.916504 498.485443 0.981584 -0.364546 -0.181426
60266.000000 -4579.000000 1658.000000 530331.250000 15772.448242 251267.734375 2.032258 3.103530 2.199952 5444.134766 421.593933 512.793579 0.200359 0.021560 -0.262034
62978.000000 7782.000000 169.000000 488728.093750 188822.968750 270828.750000 2.952485 3.206599 2.753968 5690.268066 807.286133 506.959167 -0.380032 -0.582132 -0.174966
59056.000000 -10771.000000 2780.000000 464831.125000 1033460.875000 299786.093750 3.099962 3.248676 2.867433 5285.452637 1406.862671 615.782288 0.218450 -0.181641 -0.115397
53982.000000 -28023.000000 2087.000000 403742.781250 437581.125000 232106.593750 2.948822 3.273714 2.874773 4899.913086 2632.580078 473.114105 0.170536 -0.454075 -0.455836
56867.000000 -13078.000000 839.000000 714601.375000 182914.671875 266267.468750 2.338089 3.307112 2.767612 5161.791016 1142.180054 483.131897 0.276245 0.808737 -0.189690
59175.000000 -9653.000000 2132.000000 458194.218750 14805.722656 235132.390625 1.971487 2.556272 2.414527 5339.258301 868.973938 515.074219 0.943121 0.158228 -0.394700
59173.000000 -8767.000000 1362.000000 485010.875000 10194.170898 253290.828125 2.063884 2.905957 2.374131 5339.875000 788.181946 506.057922 0.898244 0.246989 -0.240750
59612.000000 -7712.000000 3222.000000 455977.531250 8423.517578 235441.984375 1.864805 2.099964 2.039737 5378.431641 695.395996 559.991577 0.986168 0.774956 -0.526950
59581.000000 -7688.000000 3284.000000 468640.812500 8647.655273 232166.546875 1.829387 2.259885 2.077382 5376.725586 694.393738 560.220276 0.983781 0.840176 -0.539663
62317.000000 -2659.000000 3021.000000 628854.500000 89235.203125 257447.765625 2.550095 3.247676 2.383901 5641.533691 347.838104 567.679565 0.032045 -0.006605 -0.352922
61702.000000 9449.000000 2968.000000 473641.781250 515577.031250 263512.062500 3.140755 3.279843 2.658440 5575.494629 1081.251709 579.695374 -0.261660 -0.758972 -0.483650
56809.000000 -14919.000000 1114.000000 518432.375000 1665938.125000 460359.625000 3.163994 3.115364 2.674144 5054.946777 1780.420410 677.208862 0.249316 -0.637195 -0.012136
53745.000000 -28542.000000 -1965.000000 621510.687500 476168.187500 153223.796875 2.820848 3.245641 2.541858 4906.530273 2634.842773 403.340240 0.196622 0.229981 0.447077
57928.000000 -10485.000000 -435.000000 577393.937500 51030.304688 214504.406250 2.825362 3.361551 2.802758 5260.854980 921.366699 443.464813 -0.349158 0.520718 -0.010859
59846.000000 -9813.000000 1781.000000 533715.875000 10096.173828 273184.437500 2.244892 2.552120 2.314219 5395.317383 887.474487 539.398682 0.966923 -0.047541 -0.285434
59203.000000 -9123.000000 702.000000 478086.468750 9032.723633 242839.109375 2.061081 2.584696 2.304807 5346.214355 821.570129 490.444031 0.883231 -0.247116 -0.147542
59173.000000 -7851.000000 2466.000000 467278.250000 8898.378906 231007.765625 1.862638 2.121259 2.270944 5339.362793 708.942505 521.943787 0.982215 0.052718 -0.436350
59281.000000 -7926.000000 2487.000000 458780.218750 8060.448242 230634.203125 1.840221 2.213315 2.223885 5349.054199 714.693054 524.373718 0.985649 0.176812 -0.430799
59329.000000 -7949.000000 2803.000000 467547.937500 8421.964844 229684.968750 1.930912 1.992823 2.066669 5354.344727 716.603882 535.981995 0.984951 0.686639 -0.485667
59458.000000 -7870.000000 2840.000000 482993.312500 7821.068848 233530.968750 1.872185 2.085910 2.023825 5365.436523 709.078552 541.405029 0.984707 0.765383 -0.483645
64425.000000 111.000000 2915.000000 719751.812500 189159.843750 297698.250000 2.872213 3.330730 2.270360 5842.669922 415.546661 578.480408 -0.030379 -0.171532 -0.311183
60770.000000 7935.000000 3033.000000 528235.812500 916784.125000 266887.406250 3.156727 3.306378 2.579725 5492.733887 1179.640015 567.942261 -0.072441 -0.617691 -0.388241 
53458.000000 -17934.000000 306.000000 380240.031250 2575909.500000 466064.687500 3.070626 3.102403 2.619813 4757.709961 2115.162109 667.081360 0.151489 -0.821214 -0.085249
53741.000000 -27026.000000 -2333.000000 1306526.125000 978160.187500 327659.218750 2.586360 3.307190 3.026577 4933.650391 2386.869385 545.594299 0.261099 0.809153 0.358838
60142.000000 -10244.000000 -841.000000 449145.125000 7602.241699 237999.781250 2.872747 3.292285 2.987864 5460.609863 909.938171 458.845917 -0.418256 0.295226 0.068912
59396.000000 -6077.000000 2675.000000 505340.437500 4872.482910 240386.875000 1.855232 2.437551 2.141877 5360.435059 547.209229 540.351196 0.965058 0.519762 -0.458222
59767.000000 -6205.000000 2774.000000 459733.781250 5494.965332 232602.906250 1.917132 2.406008 2.011589 5393.309570 561.458557 538.192871 0.979515 0.366908 -0.474853
59662.000000 -6176.000000 2719.000000 459198.468750 5455.379883 236604.828125 1.888752 2.302121 2.090825 5382.097168 558.056335 538.736633 0.974839 0.309759 -0.462234
59506.000000 -6155.000000 2713.000000 453362.875000 5231.792969 232698.671875 1.881465 2.594343 2.168783 5367.803223 554.027832 535.737915 0.966229 0.329209 -0.466901
59694.000000 -6199.000000 2620.000000 452356.562500 5315.068848 231528.796875 1.921065 2.660337 2.167976 5385.766113 559.288940 530.259033 0.956930 0.434282 -0.447721
59702.000000 -6037.000000 2692.000000 460616.750000 4206.965332 239207.390625 1.973263 2.634920 2.194229 5387.883301 545.252686 541.133545 0.802033 0.224819 -0.453335
64993.000000 11564.000000 1271.000000 465751.562500 738007.375000 439048.875000 3.035238 3.355934 2.450914 5874.914062 1328.338867 609.850220 -0.132212 -0.129776 -0.242410
60580.000000 -1783.000000 2526.000000 508259.937500 2093776.000000 564175.375000 3.200127 3.260005 2.675257 5460.459473 1382.504150 683.171021 0.065806 0.014443 -0.197294
52131.000000 -27997.000000 1674.000000 348327.062500 1547129.750000 351247.718750 2.493367 3.271801 2.950861 4702.063965 2770.819824 549.316895 0.214448 -0.824045 -0.353765
59826.000000 -7278.000000 3809.000000 421384.187500 8022.930664 222299.359375 2.040346 2.674976 2.323666 5397.746582 658.666321 577.570984 0.914999 0.291821 -0.602234
59392.000000 -7258.000000 3988.000000 465392.468750 8422.172852 231285.437500 2.055758 2.562838 2.294240 5357.326660 655.793091 595.576843 0.940362 0.377802 -0.603573
60820.000000 -4329.000000 5094.000000 570471.312500 25181.623047 221710.203125 2.096479 2.761771 2.284234 5502.573242 410.909027 653.186157 0.106057 0.517136 -0.642184
63669.000000 12521.000000 2396.000000 569516.875000 550354.812500 290901.562500 3.135658 3.301521 2.860105 5760.145996 1309.390747 545.437500 -0.315528 -0.567331 -0.472892
58180.000000 -8797.000000 4943.000000 540006.375000 1625132.250000 375275.781250 2.987945 3.056687 2.871516 5185.138672 1475.647827 776.814758 0.209094 -0.257061 -0.259671
52877.000000 -30188.000000 3873.000000 525655.125000 379358.562500 101551.242188 2.954282 3.272370 2.966172 4822.327148 2787.329590 474.509155 0.217764 -0.069921 -0.636872
58083.000000 -12722.000000 249.000000 607301.500000 119059.507812 199201.484375 2.766261 3.321811 2.727490 5281.760254 1113.655518 425.202911 0.008984 0.866445 -0.108279
59890.000000 -8958.000000 1156.000000 457549.937500 12638.415039 275128.375000 2.282428 2.474205 2.411751 5397.656738 808.092957 521.429199 0.939258 -0.322705 -0.195195
58999.000000 -8291.000000 651.000000 500292.593750 7929.172363 263034.781250 1.894076 2.886953 2.306472 5325.812012 741.932556 502.474182 0.939128 0.022347 -0.132235
59364.000000 -5912.000000 1446.000000 479252.000000 3684.586182 248839.906250 1.987693 2.757806 2.264319 5355.085938 531.444153 507.764435 0.974680 -0.029268 -0.263021
59611.000000 -5500.000000 1700.000000 447232.468750 3119.655273 233170.437500 1.983777 2.537078 2.112285 5380.075684 494.376282 496.786194 0.665374 -0.202484 -0.325649
63664.000000 11888.000000 -851.000000 444128.281250 502819.062500 361368.593750 2.900797 3.322541 2.712229 5747.886230 1321.505005 578.438232 -0.165271 -0.053756 0.060433
61542.000000 -1702.000000 201.000000 354593.875000 1466266.875000 375335.218750 3.010971 3.248185 2.800950 5534.878906 1195.939087 576.232971 0.035974 -0.005288 0.082191
53902.000000 -27752.000000 -1679.000000 429831.562500 817188.062500 281725.656250 2.546512 3.247846 2.924050 4854.519531 2673.736572 538.737915 0.309982 -0.772574 0.209056
55202.000000 -14994.000000 -4443.000000 826043.937500 389892.968750 276416.593750 2.661665 3.340511 2.611821 5037.184570 1284.958618 623.829041 0.064234 0.832267 0.510602
60074.000000 -7698.000000 -1854.000000 468516.031250 4464.517090 292490.625000 2.217579 3.026335 2.352037 5419.214355 689.253601 548.662842 0.865675 -0.443359 0.290843
58956.000000 -7796.000000 -1665.000000 480037.125000 6528.862305 249516.718750 2.079963 2.778466 2.260127 5318.389160 699.284363 515.681885 0.968766 -0.476291 0.291044
59297.000000 -7640.000000 -1450.000000 458123.281250 3725.724121 263488.218750 1.992218 2.906641 2.406934 5350.333496 686.342957 513.354248 0.922755 -0.705144 0.217976
59501.000000 -7236.000000 3019.000000 467438.406250 6737.758789 233817.718750 1.883191 2.331220 2.101969 5368.687500 653.339417 548.739014 0.980446 0.536815 -0.510036
59300.000000 -7236.000000 2726.000000 468839.468750 7414.896973 231840.765625 1.957422 2.292474 2.135818 5349.888672 654.288086 534.854065 0.983230 0.282735 -0.457164
59444.000000 -7390.000000 2451.000000 450671.562500 6695.517090 226660.718750 2.033972 2.473211 2.038080 5365.018555 666.883606 518.331360 0.961384 -0.013649 -0.444652
59559.000000 -7427.000000 2540.000000 473489.375000 7556.034668 242565.187500 1.967026 2.395006 2.119963 5372.801270 668.882568 537.258850 0.987962 0.575667 -0.434201
60614.000000 -4725.000000 2926.000000 538937.000000 28785.412109 233775.734375 1.842190 2.507527 2.126620 5480.345703 449.807434 542.257141 0.128822 -0.250499 -0.452849
62448.000000 11695.000000 940.000000 512819.187500 1203990.625000 418772.125000 3.214500 3.263846 3.173102 5650.351074 1398.382446 585.647766 -0.234220 -0.461827 -0.222005
57930.000000 -10734.000000 2795.000000 402657.000000 2617091.500000 749661.875000 3.286510 3.260399 3.078340 5132.815918 1797.475220 809.360718 0.171083 -0.388196 -0.131804
53288.000000 -29510.000000 3227.000000 1133303.000000 654408.375000 277089.468750 2.851749 3.291049 2.941516 4880.608887 2634.054199 585.241760 0.286916 0.650382 -0.263029
58829.000000 -9924.000000 3721.000000 557092.937500 38107.585938 189713.968750 2.837426 3.280424 2.843229 5350.131836 873.134216 538.052490 -0.498495 0.489725 -0.676555
59422.000000 -7657.000000 2741.000000 520667.593750 11028.482422 249296.328125 2.011436 2.456764 2.382446 5360.955566 690.958374 548.116028 0.931031 0.242199 -0.450773
59142.000000 -7336.000000 3138.000000 459861.968750 8478.724609 232435.109375 1.933330 2.595694 2.200974 5336.072754 661.406433 552.479431 0.958891 0.539183 -0.513103
59220.000000 -7325.000000 2736.000000 466764.343750 7824.895996 235358.843750 2.031001 2.317139 2.162663 5344.120605 659.080750 536.417908 0.971092 0.439745 -0.480195
63157.000000 2665.000000 2796.000000 617967.562500 242868.765625 323981.375000 2.642454 3.335601 2.544332 5718.585449 569.465759 593.630920 -0.004275 -0.005327 -0.348721
61292.000000 2127.000000 1009.000000 516816.468750 793042.625000 336780.906250 2.813735 3.328283 3.019540 5540.145996 941.377441 549.934387 -0.002971 -0.203252 -0.177635
53206.000000 -21144.000000 -276.000000 433791.000000 1288104.750000 421050.062500 3.181891 3.228746 2.317826 4752.833496 2161.156982 616.504761 0.229081 -0.931356 -0.003017
54376.000000 -23128.000000 -584.000000 947699.562500 499828.406250 290213.125000 2.864222 3.293016 2.790061 4966.082520 2026.530273 490.817139 0.198138 0.789334 0.033042
60045.000000 -10719.000000 277.000000 569222.812500 15260.759766 283632.593750 2.639142 3.304631 2.763210 5427.165039 952.658020 511.456299 0.510098 0.274519 -0.070955
58439.000000 -7776.000000 894.000000 570327.562500 14082.517578 260404.468750 2.394074 3.029701 2.297370 5274.590820 695.950928 510.588379 0.751734 0.256178 -0.184342
