59511.000000 -6581.000000 3213.000000 455202.468750 6332.758301 228024.468750 1.840625 2.116525 2.059406 5369.147949 594.622192 553.262024 0.985281 0.849131 -0.531229
59460.000000 -6602.000000 3205.000000 455697.031250 5636.378906 232833.140625 1.861186 2.326740 2.019352 5364.661621 596.003662 556.338501 0.983572 0.884371 -0.529550
59116.000000 -7574.000000 9621.000000 444561.281250 20134.103516 277040.750000 1.934763 2.260742 2.868667 5331.427734 697.281738 1041.377075 0.485883 0.138277 -0.856807
57101.000000 -8887.000000 12088.000000 606527.187500 56355.246094 2264807.000000 2.431760 3.310390 3.326079 5158.076172 842.224304 1772.420044 0.307389 -0.013106 -0.593093
60277.000000 -5931.000000 -5117.000000 580708.562500 633349.937500 2291488.250000 2.827917 2.855225 3.258848 5463.609863 915.910950 1011.431396 0.049771 0.233286 -0.649664
62068.000000 -9172.000000 -5808.000000 254447.843750 198475.281250 972174.812500 2.781306 3.203486 3.278653 5584.798340 941.925415 796.313721 0.494602 -0.175068 0.492162
58832.000000 -7441.000000 5472.000000 672298.937500 13401.172852 224819.484375 2.188262 3.200820 2.557075 5327.159180 664.845886 676.665649 0.599285 0.565064 -0.736153
59433.000000 -7002.000000 4103.000000 464086.218750 13248.378906 224479.328125 1.843639 2.470886 2.664130 5363.984863 636.931580 589.805664 0.938308 0.184051 -0.616251
59477.000000 -7202.000000 3318.000000 442906.625000 7378.827637 225777.906250 1.858894 2.440202 2.206450 5365.495117 648.804199 555.394287 0.970412 0.616797 -0.548953
58810.000000 -9101.000000 1838.000000 473921.718750 8683.655273 238710.000000 1.948032 2.363394 2.077337 5306.640137 821.255554 508.827698 0.979124 -0.273304 -0.334017
59108.000000 -9195.000000 1758.000000 480680.437500 8887.344727 228798.781250 2.082401 2.220966 2.101891 5336.675293 829.023926 497.407837 0.949649 -0.038486 -0.327282
59465.000000 -9411.000000 2478.000000 471357.031250 7545.137695 216929.562500 2.079053 2.477266 2.126172 5368.106445 848.170837 512.057678 0.928940 0.004280 -0.459506
58127.000000 -13206.000000 21994.000000 456467.031250 81661.140625 746217.812500 2.376463 3.292604 3.283761 5239.959961 1224.342041 2179.299316 0.431757 0.163036 -0.805972
58661.000000 -8933.000000 2667.000000 604776.437500 141182.687500 1970661.750000 2.247366 3.304921 3.163895 5296.831543 896.127441 1352.133301 0.180322 0.044818 -0.108491
60155.000000 -6889.000000 -19976.000000 492469.406250 39579.070312 659735.375000 2.318349 3.322419 3.338004 5430.547363 665.584167 1978.845093 0.208135 -0.319923 0.631411
59414.000000 -9211.000000 894.000000 327686.718750 16752.861328 388125.812500 2.514286 2.854648 3.241764 5367.692383 829.548401 522.372803 0.306342 0.168388 -0.262073
58715.000000 -6277.000000 4467.000000 588433.937500 8341.862305 204471.328125 2.013065 2.819860 2.625903 5305.307129 570.091248 604.574707 0.770218 0.111335 -0.670706
59900.000000 -6762.000000 1692.000000 427554.250000 10281.449219 220553.015625 2.026539 2.543352 2.743338 5403.892578 612.579956 485.856323 0.899004 -0.080388 -0.300667
59569.000000 -6827.000000 4344.000000 415352.187500 8158.827637 225152.875000 1.859609 2.302680 2.131040 5372.405273 616.881348 609.013428 0.982046 0.766130 -0.650093
59406.000000 -6649.000000 4465.000000 461616.437500 8237.414062 230372.093750 1.895459 2.533725 2.163472 5359.192383 600.179016 621.027100 0.973095 0.757175 -0.654043
59846.000000 -6515.000000 5158.000000 473229.093750 7616.138672 210894.703125 1.863430 2.610694 2.312690 5402.376953 589.235107 659.877075 0.845956 0.156486 -0.701863
58152.000000 -9753.000000 24779.000000 549288.875000 91686.000000 926872.375000 2.442089 3.321788 3.029901 5247.117188 926.338928 2494.560547 0.155626 0.095861 -0.793493
57714.000000 -9164.000000 5651.000000 732178.937500 247541.859375 3540011.000000 2.621258 3.187486 3.312192 5208.838867 949.192932 1866.268433 0.306868 0.041250 0.028863
58498.000000 -10531.000000 -13799.000000 1487824.500000 212532.890625 1345806.375000 2.374419 3.092432 3.223978 5318.722168 1051.273926 1434.518066 0.326000 -0.121900 0.741203
59234.000000 -9269.000000 6746.000000 689232.562500 73632.898438 258674.343750 1.905972 3.323124 2.564834 5359.163086 809.589600 781.912903 0.501859 0.872319 -0.798946
59266.000000 -8277.000000 5939.000000 487080.187500 17958.828125 210809.359375 2.220216 2.787117 2.837846 5345.778320 755.006348 694.446899 0.945001 0.288235 -0.737611
59761.000000 -7870.000000 3666.000000 423056.062500 10189.414062 215614.625000 2.256475 2.550284 2.555540 5396.315430 711.178406 562.920532 0.877549 0.379959 -0.590683
58710.000000 -10935.000000 2685.000000 450164.218750 19997.341797 244280.015625 2.206448 2.863243 2.353180 5296.441406 985.909180 540.863281 0.865207 0.153102 -0.469377
59144.000000 -11251.000000 2949.000000 466223.031250 15916.448242 220172.437500 1.873541 2.692785 2.403010 5339.217773 1016.058960 531.190552 0.930848 0.195999 -0.495105
58595.000000 -11062.000000 4079.000000 498229.125000 14968.758789 238349.187500 2.118677 2.269821 2.573164 5288.585938 999.790894 606.438477 0.964782 0.197950 -0.617163
58390.000000 -11418.000000 4929.000000 458789.718750 17153.550781 190894.734375 2.112215 2.853595 2.419365 5272.310059 1032.747070 617.651855 0.901288 0.199299 -0.737449
58600.000000 -11444.000000 4404.000000 484848.718750 19103.517578 223534.640625 2.128855 2.711947 2.301304 5288.815918 1029.095093 611.117737 0.957222 0.737482 -0.649273
58675.000000 -10164.000000 14864.000000 457241.781250 10152.861328 620093.187500 2.637601 3.216526 2.818839 5294.405762 917.537720 1574.796753 0.552986 0.113893 -0.791101
58977.000000 -12796.000000 7725.000000 992060.687500 216509.218750 3361340.500000 2.127577 3.286657 3.318243 5360.006348 1233.870239 1862.733154 0.167221 -0.056894 -0.308323
59461.000000 -12115.000000 -11806.000000 956087.062500 1091893.625000 3711187.250000 2.639692 2.877086 3.293222 5429.781738 1466.720093 1614.606323 0.192554 0.116356 -0.725460
58728.000000 -12168.000000 -3981.000000 310503.968750 235515.812500 1249766.125000 2.481561 3.094416 3.338296 5303.473145 1207.590210 681.964478 0.155109 -0.113334 0.277108
58574.000000 -7402.000000 2733.000000 970607.062500 7586.000488 231364.437500 1.933012 2.130464 2.117582 5307.723145 668.594727 535.232788 0.975813 0.307104 -0.466729
59417.000000 -7460.000000 2670.000000 470662.562500 8264.722656 232605.515625 1.926068 2.139165 2.130074 5361.883301 673.504944 533.584412 0.982084 0.443932 -0.461258
60971.000000 -6472.000000 5035.000000 581471.187500 3747.965576 224625.390625 2.209642 3.060240 2.072729 5514.177246 580.778931 682.432129 0.411879 0.057921 -0.640008
57876.000000 -8258.000000 17184.000000 360265.093750 37227.656250 1308328.375000 2.884463 2.824234 3.330936 5208.916992 759.935913 2034.194092 0.223136 0.060097 -0.760750 
57422.000000 -9096.000000 -1031.000000 379209.531250 299615.656250 2020366.125000 2.951928 2.819916 3.035023 5151.172852 965.902649 1063.072632 0.475368 0.138935 -0.213335
59310.000000 -12215.000000 -13650.000000 429971.625000 164424.453125 1110822.500000 2.319900 2.996472 3.262082 5358.292969 1175.950562 1369.135498 0.135191 -0.207361 0.756337
58340.000000 -10404.000000 3338.000000 741054.500000 44578.414062 323290.812500 2.307308 3.212812 2.901836 5269.025879 919.372375 624.135437 0.802124 0.797792 -0.520741
58793.000000 -9322.000000 2031.000000 489353.437500 14384.825195 218420.437500 2.027902 2.979623 2.693453 5308.761230 846.012512 494.282593 0.839910 -0.226591 -0.364158
58850.000000 -8898.000000 1371.000000 446693.031250 11696.206055 238545.796875 2.029605 2.478638 2.324503 5307.263672 799.750488 494.593597 0.916891 -0.028311 -0.262753 
59557.000000 -5984.000000 5783.000000 446741.656250 10402.378906 209221.125000 2.014664 2.491962 2.251862 5372.710449 543.913635 688.153870 0.869341 0.797628 -0.759813
59571.000000 -6072.000000 5881.000000 451439.562500 8365.034180 219049.718750 1.983668 2.417800 2.211238 5372.890137 551.484619 705.382263 0.965780 0.739135 -0.746965
59576.000000 -6082.000000 5708.000000 448994.250000 9960.621094 212435.640625 2.043576 2.454960 2.231754 5376.387695 552.096130 686.221497 0.942997 0.803655 -0.753315
60622.000000 -6853.000000 8309.000000 490908.687500 10336.069336 258166.765625 2.398166 3.154627 2.127800 5471.293457 621.957764 907.952332 0.686468 0.132364 -0.822197
57370.000000 -9359.000000 25515.000000 559514.875000 16676.343750 1785239.625000 2.840011 3.226223 3.256835 5181.031250 856.031616 2668.938721 0.414777 0.087129 -0.797256
56749.000000 -7688.000000 4687.000000 379068.656250 401663.093750 3326613.500000 2.964921 3.094358 3.189014 5118.698242 906.691589 1566.254639 0.140722 0.123258 0.029174
59724.000000 -9519.000000 -13035.000000 1033936.062500 255895.500000 1204062.625000 2.426639 3.045084 3.281502 5403.225098 1010.890137 1339.710327 0.217188 -0.191494 0.727243
58817.000000 -7064.000000 7662.000000 829288.187500 99331.484375 282790.000000 2.122357 3.334819 2.858056 5320.980957 615.151306 856.428589 0.485382 0.707456 -0.814295
58934.000000 -6329.000000 9299.000000 450736.968750 19286.792969 182758.281250 1.986845 3.051381 2.606376 5317.113770 588.684875 932.976746 0.739231 0.372145 -0.889749
59624.000000 -6822.000000 2075.000000 448501.906250 5390.655273 233827.640625 1.919394 2.374750 2.021847 5379.827637 614.664062 513.150574 0.975840 0.448438 -0.377692 
59439.000000 -6734.000000 1675.000000 456941.312500 5412.620605 251348.593750 1.904793 2.060628 2.077002 5361.629883 607.676758 516.550903 0.984280 -0.072515 -0.292987
60451.000000 -7289.000000 12975.000000 410739.312500 14311.240234 739540.062500 2.352438 2.935205 3.326878 5453.082031 667.770508 1437.184326 0.459263 0.111381 -0.657925
57866.000000 -8683.000000 17132.000000 1022411.062500 48291.902344 1825161.750000 2.682548 3.296399 3.363392 5240.629395 806.587341 2055.179688 0.209295 0.047831 -0.723697
57375.000000 -6789.000000 -7358.000000 524547.875000 499960.562500 2491597.250000 2.908918 2.805943 3.131186 5172.738281 883.486389 1240.940552 0.571171 0.175590 -0.660675
59393.000000 -9950.000000 -11754.000000 339673.125000 247111.656250 1308589.250000 2.610370 2.791421 3.319210 5366.956055 1026.474976 1174.307983 0.054868 -0.090438 0.745738
59239.000000 -6514.000000 3602.000000 989890.437500 7158.551758 302107.937500 2.109106 3.169640 2.980814 5370.402832 576.509705 613.553162 0.780959 0.369800 -0.570408
59791.000000 -5567.000000 4527.000000 515801.593750 7697.448242 233846.562500 1.973343 2.850052 2.472051 5398.599121 504.812134 625.318237 0.822619 0.159661 -0.660549
59747.000000 -5166.000000 2400.000000 467730.031250 8219.759766 236795.656250 2.085365 2.848967 2.531519 5389.615723 466.459534 523.652466 0.890206 0.435731 -0.400954
59308.000000 -7742.000000 3159.000000 448172.031250 8228.068359 232684.031250 1.892494 2.148234 2.101500 5350.234375 697.507080 554.264587 0.986872 0.760848 -0.522280
59399.000000 -7864.000000 2994.000000 467471.937500 9169.447266 230810.859375 1.901727 2.294697 2.145034 5360.105957 709.652466 544.409790 0.975334 0.506154 -0.500644
59588.000000 -7973.000000 2379.000000 472997.406250 8086.552246 236953.656250 1.849633 2.174917 2.257550 5378.179199 719.005981 523.591492 0.977975 0.109892 -0.412115
60138.000000 -7367.000000 13661.000000 453412.281250 22084.310547 420943.093750 2.316061 3.155036 3.287706 5425.678711 677.160339 1408.666748 0.457293 0.183413 -0.825010
56972.000000 -9128.000000 21610.000000 873663.937500 26664.757812 1974740.375000 2.558786 3.326932 3.341712 5156.137207 842.406250 2382.251465 0.502089 0.022824 -0.787896
59117.000000 -9322.000000 -2794.000000 446291.250000 499458.531250 2533735.500000 3.084043 2.794203 3.052703 5350.590820 1070.949219 1080.935547 -0.021603 0.130117 -0.441955
61152.000000 -11125.000000 -7530.000000 473259.437500 258515.796875 1491934.500000 2.482844 2.996841 3.313687 5503.354980 1118.927246 957.853149 0.421905 -0.080804 0.512055
58935.000000 -6804.000000 7628.000000 874766.687500 19674.550781 251535.203125 2.091478 3.305376 2.799580 5330.110840 606.587769 847.176025 0.799670 0.738273 -0.827705
59541.000000 -6888.000000 6580.000000 541358.625000 11106.516602 202309.546875 1.809315 2.585244 2.417171 5375.745117 628.207092 739.094604 0.916303 0.506432 -0.797795
59183.000000 -8381.000000 3343.000000 489505.781250 11220.724609 232988.218750 2.081235 2.557545 2.234235 5340.070801 756.330994 563.570435 0.972222 0.410466 -0.540559 
59381.000000 -8226.000000 3858.000000 463382.937500 8779.378906 222334.140625 1.947677 2.355947 2.110581 5359.587402 741.465393 581.807068 0.955738 0.831875 -0.610916
59571.000000 -8375.000000 3674.000000 497247.531250 11069.518555 224039.640625 1.923167 2.190924 2.198219 5377.223633 757.413513 574.402283 0.933966 0.377486 -0.568195
58372.000000 -9036.000000 25832.000000 442425.125000 26324.308594 938115.062500 2.946585 2.360377 3.328790 5266.873047 822.986572 2545.186523 0.159722 0.142139 -0.707753
57983.000000 -7812.000000 10047.000000 893854.187500 43195.000000 1934758.625000 2.634329 3.153703 3.255019 5234.068848 730.984009 1639.021606 0.523701 0.031632 -0.125864
61003.000000 -8715.000000 -16307.000000 643913.187500 4213.827148 560088.062500 2.352583 3.187373 3.282779 5521.127441 791.200745 1659.615234 0.288869 -0.248199 0.640787
60306.000000 -7624.000000 1461.000000 409217.062500 28235.792969 483784.343750 2.506293 3.150721 3.224070 5443.157715 693.027100 588.259460 0.314871 0.192510 -0.332862
58784.000000 -4920.000000 5064.000000 578321.312500 8490.517578 213470.906250 2.154561 3.007422 2.609240 5307.812500 450.837433 641.662659 0.638779 0.216713 -0.690650
59632.000000 -5502.000000 2801.000000 422198.906250 5899.378418 222820.343750 2.210634 2.915106 2.368582 5382.777344 498.310394 527.072876 0.514332 0.141132 -0.487989
59578.000000 -6065.000000 2886.000000 456504.593750 4927.344238 236555.796875 2.005244 1.911125 2.011070 5373.200684 547.399292 546.437378 0.983756 0.686554 -0.476943
59563.000000 -6136.000000 2859.000000 458939.562500 4705.207031 230439.953125 1.951955 2.104388 2.033166 5374.981445 553.661072 538.537476 0.969496 0.673448 -0.490084
59795.000000 -6163.000000 2797.000000 457694.125000 4682.758301 233425.546875 1.889091 2.115090 2.021489 5394.998535 555.734009 539.102234 0.974998 0.614814 -0.480796 
60910.000000 -7145.000000 9948.000000 485994.593750 18504.724609 270483.187500 2.390988 2.133675 3.239696 5498.855469 657.758484 1046.948608 0.464483 0.151962 -0.825688
58267.000000 -7418.000000 24199.000000 674812.875000 13820.206055 1002161.312500 2.367079 3.304391 3.241567 5268.646484 673.952759 2447.410400 0.487135 0.090976 -0.874092
58874.000000 -6057.000000 1519.000000 445447.343750 333130.375000 2296968.250000 2.933396 2.906514 3.176840 5317.148438 733.608398 1256.689087 0.066731 0.141762 -0.057317
60649.000000 -8891.000000 -12118.000000 632168.500000 92022.968750 1005136.000000 2.418058 2.724976 3.207604 5467.206055 867.629333 1286.248657 0.524256 -0.164896 0.733791
58740.000000 -5873.000000 5480.000000 549843.687500 11341.965820 265716.468750 2.133867 3.278338 2.836480 5306.380371 517.594727 705.257019 0.696481 0.425360 -0.732470
59332.000000 -5562.000000 5226.000000 471653.000000 16261.654297 220093.593750 2.095628 2.602555 2.811040 5352.846191 513.078613 649.473633 0.853966 0.189393 -0.703588
