59940.000000 -4733.000000 2116.000000 385252.312500 2779.723877 241257.843750 1.847255 2.212738 1.987633 5404.257324 426.422333 520.120728 0.988973 0.381257 -0.377738
59752.000000 -4734.000000 2137.000000 447869.125000 2625.138184 236744.625000 1.791075 2.164555 2.000384 5389.808594 426.633820 517.370422 0.988327 0.298984 -0.382748
59755.000000 -4750.000000 2185.000000 445505.250000 2680.344727 237315.781250 1.785057 2.213150 2.023371 5389.932617 428.328064 518.544861 0.988973 0.311221 -0.390343
64827.000000 -1832.000000 -18355.000000 503365.312500 44161.277344 1856098.875000 2.907069 3.243068 3.290043 5861.169434 232.096100 2141.601318 0.019845 -0.100343 0.519012
55881.000000 -7313.000000 3429.000000 628395.812500 252439.484375 4321457.000000 3.173377 3.295768 3.327885 5055.670898 809.315979 1925.593506 0.142760 0.017248 -0.021013
50452.000000 -13313.000000 22908.000000 2676360.250000 464088.718750 4925621.000000 3.049116 3.180215 3.325839 4662.937012 1374.356079 2780.644287 0.144512 0.023204 -0.601192
59858.000000 -6397.000000 1204.000000 2743181.250000 112008.445312 572991.625000 2.370742 2.487472 3.307559 5510.612305 651.436829 493.556549 0.503298 -0.145186 0.025510
60345.000000 -6682.000000 4011.000000 317655.406250 16288.412109 211348.187500 2.328888 3.149776 2.669085 5439.261230 599.183350 581.878174 0.689264 0.463757 -0.624496
59648.000000 -5394.000000 5787.000000 469700.437500 9653.792969 249010.375000 2.264921 2.908000 2.530101 5379.413086 487.004395 723.552063 0.896215 0.603075 -0.724874 
58778.000000 -10377.000000 713.000000 480042.937500 10463.378906 235324.718750 1.929672 2.245730 2.299147 5306.113770 934.828369 479.914459 0.987945 -0.185835 -0.134804 
58730.000000 -10213.000000 417.000000 464437.625000 8732.310547 240327.609375 1.925584 2.166886 2.144463 5300.588379 919.154724 480.497345 0.975415 -0.486076 -0.099210 
59721.000000 -9836.000000 -1982.000000 550636.500000 7213.724609 406258.187500 1.986287 2.276632 2.267786 5398.581543 883.051636 650.431030 0.931402 -0.115352 0.326763
60028.000000 -10026.000000 -22391.000000 430649.062500 170701.718750 733897.187500 3.181052 2.160726 3.195198 5420.329590 967.158752 2231.137451 -0.132421 -0.107483 0.155764
51179.000000 -16469.000000 8608.000000 788783.875000 486705.687500 4651507.000000 3.086854 3.321758 3.231191 4579.443848 1638.432129 2239.735840 0.581403 0.014114 -0.328618
53469.000000 -12855.000000 31682.000000 590829.937500 883604.062500 1063036.250000 3.150104 3.159083 3.175755 4902.376953 1321.168701 2858.029053 -0.200341 0.358536 0.067894
61566.000000 -10677.000000 8355.000000 398967.625000 45613.171875 221141.906250 2.607136 3.267581 2.133528 5543.249512 996.204834 894.058716 0.711022 -0.265997 -0.786264
57469.000000 -9382.000000 8890.000000 500601.031250 26735.792969 207737.546875 2.284700 2.970895 2.379794 5183.146484 843.787537 917.733093 0.886688 0.893041 -0.859111
58230.000000 -8921.000000 9859.000000 453148.468750 20439.550781 169039.171875 2.284977 2.634671 2.184462 5259.846680 811.602051 977.438293 0.811222 0.799578 -0.912365
58655.000000 -11057.000000 2457.000000 492048.906250 12601.380859 225101.156250 2.025417 2.700247 2.141777 5295.102539 998.068298 517.835571 0.951426 0.144973 -0.432173
58720.000000 -10929.000000 2910.000000 473224.187500 11300.725586 230187.328125 2.097852 2.431200 2.297978 5301.838379 984.741333 539.649170 0.967169 0.152550 -0.494103
63506.000000 -9035.000000 -21769.000000 486517.000000 15308.793945 1756173.250000 2.966623 3.200572 3.344651 5743.776367 810.869507 2376.291504 0.188334 -0.128748 0.430056
54200.000000 -17796.000000 960.000000 690043.875000 282366.812500 5124867.500000 3.208823 3.350151 3.231856 4905.273438 1695.223022 2310.758545 0.290320 -0.007112 -0.043216
46643.000000 -18290.000000 33136.000000 1193785.750000 568453.750000 3169860.500000 2.859666 3.282938 3.339289 4237.279785 1808.911499 3460.115723 0.301125 0.119125 -0.764318
58051.000000 -6975.000000 12623.000000 1428778.125000 653794.812500 1311872.750000 2.863603 3.104369 3.346888 5317.922852 855.919983 1125.540771 -0.229750 0.201978 -0.286519
60706.000000 -10962.000000 9270.000000 384980.312500 34259.968750 256034.484375 2.715831 2.935906 2.645570 5465.548340 991.488159 975.264160 0.711775 0.788790 -0.847614
57659.000000 -8121.000000 9704.000000 522125.593750 24749.310547 210397.515625 2.165415 2.878129 2.276516 5203.793457 738.680176 985.192993 0.835514 0.878666 -0.872850
58497.000000 -8346.000000 10244.000000 464628.718750 29437.722656 183652.843750 2.211080 3.058994 2.057777 5284.288086 762.051636 1013.720032 0.582892 0.820123 -0.916866
58041.000000 -12280.000000 2903.000000 504845.562500 20695.515625 240197.859375 2.079002 2.264855 2.152005 5237.597656 1106.270996 549.416016 0.986773 0.696579 -0.485329
58198.000000 -12417.000000 2912.000000 490046.562500 19380.896484 217273.343750 1.950991 2.270738 2.144763 5255.849121 1121.156616 530.913208 0.980566 0.394387 -0.499800
58635.000000 -12500.000000 3067.000000 481604.468750 14788.586914 224322.828125 1.958120 2.394340 2.213127 5295.029785 1127.130371 544.849548 0.979844 0.368096 -0.522307
63554.000000 -12729.000000 -13590.000000 749270.187500 33919.652344 1363558.375000 3.009407 2.687379 3.259938 5763.110840 1154.959473 1663.385010 0.485183 -0.123940 0.512479
55915.000000 -16436.000000 -6684.000000 337657.968750 267993.281250 1965845.125000 3.155630 3.206832 3.346836 5034.175293 1568.288086 1627.298584 0.129518 0.040456 -0.045905
46507.000000 -19005.000000 22881.000000 1854132.750000 770262.187500 4525725.000000 2.895177 3.310660 3.191764 4233.222656 1924.810669 2718.329590 0.374695 0.019595 -0.803668 
55572.000000 -10706.000000 16463.000000 1233312.000000 1897195.000000 3706019.250000 3.148677 3.177647 3.331977 5136.137695 1372.234619 1445.513184 -0.238548 0.292920 0.636044 
61872.000000 -12722.000000 6277.000000 489235.937500 16311.619141 275206.687500 2.358768 3.185704 2.930293 5580.944336 1154.086914 771.595276 0.862459 0.062466 -0.767636
58280.000000 -10878.000000 8328.000000 581592.750000 23216.863281 218166.359375 2.210558 2.902208 2.718481 5261.053223 977.720459 884.994385 0.915265 0.547179 -0.841189
59146.000000 -8405.000000 4852.000000 480576.218750 9541.137695 218357.703125 2.172918 2.770371 2.228714 5336.312988 759.835510 637.541382 0.911114 0.565936 -0.673838 
58885.000000 -8194.000000 5119.000000 447184.062500 11675.895508 219747.812500 1.965295 2.484863 2.198940 5315.394043 739.878052 649.985840 0.904104 0.585634 -0.716684
62596.000000 -8313.000000 -10248.000000 579304.375000 32683.101562 1278523.125000 3.024279 2.243218 3.288508 5661.088867 764.549377 1448.114502 0.324523 -0.120366 0.429178
56581.000000 -17221.000000 -8131.000000 391969.125000 641569.500000 2654495.750000 3.183210 3.292243 3.310105 5086.727051 1750.606812 1828.641724 0.247154 0.067765 0.017367
48620.000000 -18559.000000 19148.000000 1854883.875000 935513.187500 5824675.500000 2.975244 3.096527 3.260888 4469.646973 1926.926025 2560.608643 0.219330 0.044636 -0.702111 
57725.000000 -4080.000000 17142.000000 633741.875000 1617435.250000 3770745.750000 3.206739 3.128946 3.308312 5299.260254 1134.571289 1486.673706 -0.491152 0.139484 0.665903
61543.000000 -9380.000000 8334.000000 513328.281250 31480.310547 311362.343750 2.708268 2.913973 2.910846 5540.554688 845.490967 935.583801 0.758059 0.548831 -0.823449
58301.000000 -8003.000000 9055.000000 614751.250000 22441.550781 251739.859375 2.300578 2.681128 2.629352 5259.317871 725.310303 956.216675 0.937925 0.696802 -0.855437
58535.000000 -7401.000000 9125.000000 477374.906250 20097.000000 181960.031250 1.995184 2.878703 2.364579 5286.096680 678.255615 923.985962 0.777127 0.677202 -0.881396 
58978.000000 -11939.000000 1131.000000 491366.125000 13538.793945 248151.765625 2.129000 2.613995 2.279559 5323.077637 1077.623779 502.277893 0.966648 -0.207724 -0.209572
58473.000000 -11537.000000 1393.000000 476211.468750 14396.310547 231315.015625 1.975420 2.575270 2.197654 5280.020508 1040.731934 488.056793 0.974707 -0.427873 -0.264820
58497.000000 -11552.000000 1260.000000 494022.218750 16939.484375 236193.218750 1.968753 2.436326 2.099968 5282.085938 1039.433105 492.835297 0.957635 -0.088439 -0.239271
64178.000000 -11539.000000 -23914.000000 572300.437500 22201.896484 2146119.250000 3.068115 3.138572 3.343453 5807.000488 1042.548096 2581.333008 0.266333 -0.132774 0.408157
55302.000000 -20052.000000 -1483.000000 909926.437500 207394.937500 4197649.500000 3.164173 3.319590 3.212958 5027.281738 1873.459229 2133.495117 0.403440 -0.025818 -0.015560
46918.000000 -18910.000000 29604.000000 984009.812500 427224.625000 3264323.000000 3.016048 3.302827 3.345596 4286.219727 1834.296997 3162.030762 0.171699 0.151586 -0.740505
56755.000000 -7424.000000 8356.000000 1701404.000000 296859.093750 633358.250000 2.548588 3.153389 3.340611 5206.678711 794.595337 762.929993 -0.087050 0.153883 -0.592809
60179.000000 -10522.000000 4880.000000 318844.187500 24612.896484 210671.890625 2.217019 2.971863 2.475778 5423.933105 950.908264 628.908691 0.736056 0.560735 -0.691924
58848.000000 -9315.000000 6446.000000 442197.562500 9736.584961 217216.718750 2.032874 2.723469 2.625352 5306.985352 842.146606 743.261353 0.956309 0.439455 -0.791695
58645.000000 -8995.000000 4240.000000 512301.218750 16363.275391 232051.343750 2.169558 2.764111 2.156434 5291.217773 810.137390 609.161133 0.914266 0.853345 -0.634170
59389.000000 -9446.000000 3820.000000 464541.937500 12451.619141 223619.375000 2.063217 2.723360 2.221663 5361.792969 856.372559 578.845337 0.962815 0.085936 -0.608344
59098.000000 -9333.000000 4072.000000 481319.906250 13494.516602 224874.218750 2.027564 2.373302 2.306513 5332.228027 842.581360 598.211670 0.964222 0.406470 -0.610444
59268.000000 -8912.000000 3090.000000 516727.093750 12449.584961 277965.312500 1.949317 2.324839 2.313495 5355.204590 802.935181 599.825256 0.922438 0.036481 -0.447612
61386.000000 -7603.000000 -21076.000000 425870.968750 45361.414062 1066618.250000 2.883398 2.858024 3.277792 5542.167480 700.346130 2156.950439 -0.317026 -0.137729 0.218525
55164.000000 -15718.000000 8192.000000 447627.250000 283478.812500 3646105.000000 3.125795 3.314753 3.229609 4936.203125 1551.145508 2094.832031 0.449376 -0.011363 -0.289862
53596.000000 -14790.000000 31091.000000 517093.781250 523896.968750 1007674.000000 3.028564 3.082283 3.092472 4883.798340 1434.392700 2880.598877 0.045959 0.301211 -0.110459
61195.000000 -10964.000000 3405.000000 431116.468750 42897.304688 183583.765625 2.466202 3.291836 2.960303 5528.989746 1021.192017 513.536377 0.374906 -0.743826 -0.571191
59404.000000 -10048.000000 4442.000000 497981.093750 29348.310547 267644.562500 2.321530 3.210030 2.526012 5356.262695 892.426819 643.936035 0.703278 0.672667 -0.636570
58941.000000 -9214.000000 3513.000000 470809.718750 11428.275391 220993.015625 2.211960 3.032312 2.364580 5319.068848 835.087036 564.766052 0.861542 0.175055 -0.553281
58632.000000 -8895.000000 3724.000000 485900.437500 11678.413086 226208.343750 2.088853 2.464208 2.248473 5294.120117 804.201721 576.924927 0.933985 0.367082 -0.590328
59295.000000 -9159.000000 3311.000000 452316.937500 11688.448242 223867.234375 2.126021 2.597065 2.272557 5350.676758 826.457520 552.478516 0.906598 0.269296 -0.557657
62652.000000 -5589.000000 -7884.000000 608458.562500 45945.757812 807841.625000 2.780660 3.182586 2.988041 5667.808594 515.855896 1154.595825 0.188584 -0.080040 0.593350
57814.000000 -10241.000000 -3782.000000 330124.687500 372370.593750 1925919.250000 3.228483 3.255814 3.321301 5217.504395 1130.134155 1658.479004 -0.079726 0.045925 -0.131657 
51554.000000 -16453.000000 16626.000000 1382549.125000 962497.812500 3583779.000000 2.985916 3.263170 3.189913 4630.613281 1756.738770 2090.634766 0.297797 -0.076548 -0.806688
56941.000000 -7867.000000 12750.000000 1007329.562500 1083001.000000 1634649.000000 2.522562 3.279517 3.335972 5192.361816 1018.581482 1190.997192 0.047314 0.286638 0.275336
62085.000000 -9388.000000 4614.000000 314521.031250 17828.724609 261793.140625 2.414597 3.182338 2.684380 5594.445312 856.547729 659.075439 0.673612 -0.009810 -0.655737
58457.000000 -8149.000000 5417.000000 581822.500000 15934.654297 265200.750000 2.423514 2.782161 2.619207 5269.768555 732.380005 705.611816 0.920504 0.459367 -0.696086
58609.000000 -10946.000000 3958.000000 511023.906250 14703.654297 227684.328125 1.910309 2.507397 2.242496 5292.631836 988.358643 588.659241 0.973079 0.214260 -0.613388
58615.000000 -10969.000000 4023.000000 488845.718750 19837.724609 220274.640625 1.874335 2.448028 2.232213 5291.467285 989.392944 587.479370 0.982404 0.586838 -0.621437
60817.000000 -8941.000000 -14928.000000 532284.562500 16032.792969 1483543.875000 2.628477 3.256740 3.099281 5497.669922 801.947205 1824.348267 0.294426 -0.101895 0.640598
56732.000000 -17621.000000 -4791.000000 343142.093750 384971.312500 2874385.500000 3.188346 3.297647 3.324207 5108.608398 1697.221313 1790.139282 0.145052 -0.004775 -0.089987
51182.000000 -19794.000000 23826.000000 1485908.500000 1150559.250000 6431250.000000 2.811557 3.113626 3.302052 4634.303223 2022.463745 2820.614014 0.275199 0.044550 -0.829342
56302.000000 -5160.000000 13349.000000 1595679.125000 1261689.500000 2721152.250000 2.580880 3.211571 3.352660 5160.530762 912.536560 1216.812134 -0.067925 0.217221 0.555034
62261.000000 -10584.000000 4680.000000 379494.250000 14913.138672 290172.468750 2.415620 3.261350 2.884320 5612.701660 964.635315 673.494507 0.795425 -0.206065 -0.672099
58816.000000 -9705.000000 5979.000000 619459.312500 23828.724609 252700.718750 2.276300 3.032940 2.648426 5307.557617 871.131287 738.275085 0.886111 0.447862 -0.734517
58254.000000 -8781.000000 7078.000000 487660.187500 23401.859375 189139.203125 2.056222 2.637815 2.532591 5256.142578 794.737000 769.482117 0.880166 0.735768 -0.831164
59517.000000 -6139.000000 3726.000000 474988.281250 5972.137695 226415.390625 1.783968 2.100865 2.088161 5370.401855 554.294861 577.442139 0.989947 0.857329 -0.590175
59574.000000 -6152.000000 3711.000000 453111.375000 5775.655762 228607.640625 1.799531 2.165298 2.143253 5374.374512 556.327698 578.427856 0.991163 0.733618 -0.586019
59583.000000 -6150.000000 3698.000000 448755.062500 6255.620605 224865.718750 1.804708 1.952567 2.121298 5375.022949 556.049316 575.066101 0.990666 0.835469 -0.584307
59582.000000 -6169.000000 3674.000000 449006.937500 5936.241211 229773.906250 1.784415 2.150232 2.022362 5375.158203 557.297424 576.914490 0.991204 0.898407 -0.580954
63023.000000 -4762.000000 -9010.000000 723738.062500 24344.861328 1156104.625000 2.869542 3.205148 3.209674 5710.618652 442.327698 1296.919678 0.179051 -0.128879 0.510702
58231.000000 -8168.000000 -5685.000000 456221.031250 293256.875000 892932.000000 3.236203 3.242174 3.318982 5266.666016 881.995911 1187.268555 -0.011570 0.069426 -0.061035
51626.000000 -15846.000000 20166.000000 1113651.000000 550821.812500 3130593.500000 2.811861 3.270638 3.087635 4657.595215 1608.665649 2299.859863 0.367140 0.006686 -0.834765
58134.000000 -9789.000000 16454.000000 751589.875000 845730.750000 1051883.750000 2.896449 3.225704 3.331092 5307.055176 1069.296997 1416.064209 -0.110089 0.327490 0.362000
60599.000000 -8961.000000 4972.000000 278830.718750 14655.517578 228156.484375 2.630682 3.332382 2.390369 5452.937988 819.839417 658.399048 0.758259 0.000608 -0.659687
