59755.000000 -5099.000000 603.000000 442820.656250 2020.068848 249691.109375 1.852176 2.476595 2.009564 5390.669922 459.311218 493.886688 0.983505 -0.903592 -0.122826
59758.000000 -5185.000000 549.000000 450192.125000 2588.723877 249567.125000 1.816926 2.305425 2.042076 5390.280273 466.701233 492.916473 0.987653 -0.887153 -0.113762
59742.000000 -5205.000000 574.000000 452427.562500 2340.931152 252412.890625 1.803127 2.289977 2.042425 5388.989258 468.971802 496.010284 0.987763 -0.919562 -0.118940
59734.000000 -5164.000000 550.000000 448922.718750 2318.931152 251071.203125 1.811506 2.108475 2.025987 5388.196777 465.152740 494.351959 0.987728 -0.943266 -0.112304
76039.000000 -8109.000000 2793.000000 1461465.500000 169879.937500 421904.687500 3.288013 2.861577 3.145908 6952.919434 812.373047 739.446960 0.092078 0.104188 -0.056763
61638.000000 -9851.000000 3058.000000 2315568.250000 336398.093750 663723.250000 3.280436 3.342393 3.168298 5736.038574 1036.031006 801.795776 -0.186788 -0.375048 -0.166432
34682.000000 -5689.000000 676.000000 4329258.500000 802897.250000 1421023.125000 3.278228 3.268829 3.026011 3230.317871 678.736572 1121.559204 0.739717 0.386069 0.113208
54239.000000 -2959.000000 -3426.000000 1297989.250000 139178.796875 10856.688477 3.330176 3.022816 3.287999 5064.645996 384.413116 322.861084 -0.934174 -0.498275 0.475252
63346.000000 -3395.000000 1681.000000 524056.281250 6799.585449 333789.562500 2.726046 3.228850 2.573837 5696.747559 305.233276 586.512451 0.769079 0.336491 -0.214574
59975.000000 -1522.000000 2458.000000 442858.375000 436.068939 237410.375000 1.764563 2.577924 2.004419 5408.756836 137.292191 528.529480 0.945932 0.676729 -0.428177
60023.000000 -1546.000000 2491.000000 423238.781250 467.241425 240501.281250 1.774417 2.699512 2.000057 5412.107910 139.956635 532.504272 0.956690 0.514486 -0.430686
60020.000000 -1572.000000 2467.000000 424879.937500 555.930969 239572.859375 1.771736 2.257419 2.022041 5412.082031 142.471512 530.779968 0.967233 0.682995 -0.428119
60265.000000 -1894.000000 2038.000000 440106.656250 2757.414062 249016.156250 1.802031 2.170983 2.077319 5436.402832 179.760941 525.617310 0.388293 0.094465 -0.355205
83920.000000 -5317.000000 4624.000000 1735022.875000 341218.781250 229926.671875 3.257422 3.012567 2.872490 7691.643555 711.497070 638.549622 -0.079993 0.424930 -0.351030
54054.000000 -3026.000000 5512.000000 3274050.250000 118853.171875 300393.718750 3.162406 3.097449 2.891984 5093.411133 433.901581 752.087280 0.103598 -0.371766 -0.090034
23696.000000 4292.000000 -1898.000000 2004757.750000 195269.875000 291733.031250 3.229194 3.222844 2.961288 2378.648682 516.878967 556.177612 0.305522 -0.464649 0.125664
58185.000000 4351.000000 -2650.000000 1060481.875000 204788.156250 50292.304688 3.338289 3.003034 3.141555 5407.136719 485.794525 306.000763 -0.964353 0.271153 0.433583
63735.000000 2653.000000 3339.000000 514806.281250 4069.965332 376762.343750 2.862800 3.034443 2.517706 5719.751953 237.386444 678.273560 0.741613 0.157334 -0.383853
59779.000000 -4345.000000 2008.000000 468098.375000 2219.620605 240559.234375 1.765065 2.059615 2.000059 5393.266113 391.992401 515.629883 0.987879 -0.268602 -0.361400
59872.000000 -4302.000000 2024.000000 447952.968750 2080.000244 241531.156250 1.764355 2.337502 1.990969 5401.020508 387.546234 517.186157 0.908204 -0.028267 -0.362589
77649.000000 -7997.000000 3152.000000 1563504.375000 138835.343750 501046.093750 3.265682 2.691478 3.124326 7112.324219 807.362305 735.980835 0.120055 0.174230 -0.095023
66290.000000 -5347.000000 4412.000000 2446109.750000 307295.937500 445391.375000 3.297508 3.114509 3.172596 6141.677246 665.872803 773.559204 -0.290872 -0.163988 -0.318664
33878.000000 3237.000000 5081.000000 3131053.750000 222296.453125 821278.750000 3.245923 3.298367 2.430700 3035.975586 453.575928 982.827209 0.838516 -0.495464 0.090611
49381.000000 4891.000000 3681.000000 1165014.125000 133093.968750 47938.484375 3.314483 2.863906 3.282217 4632.085449 496.215820 385.317169 -0.901359 0.120750 -0.254900
63787.000000 2522.000000 8852.000000 595237.875000 7322.758789 372051.656250 2.635416 3.262334 3.022771 5738.810059 238.133789 1004.115234 0.307218 -0.197018 -0.804209
59850.000000 2961.000000 7309.000000 506301.093750 6961.379883 230207.343750 2.447039 3.209162 2.609150 5386.504395 282.271362 803.766785 0.419426 -0.509791 -0.797692
59660.000000 3613.000000 6620.000000 376549.125000 1842.723999 214868.171875 2.119512 3.064254 2.579247 5377.692871 322.819855 757.280151 -0.676859 -0.525226 -0.789572
59789.000000 -4214.000000 3856.000000 462761.125000 3528.344238 232112.031250 1.803349 1.990572 2.057479 5393.387695 381.208130 589.732300 0.988398 0.887435 -0.598963
59794.000000 -4271.000000 3829.000000 445902.000000 2916.999756 229274.796875 1.804283 2.290021 2.006178 5393.325195 386.227234 585.719910 0.987642 0.883739 -0.596741
59760.000000 -4270.000000 3771.000000 449444.250000 3331.379395 233013.984375 1.800743 2.365987 2.006405 5390.384766 386.104248 585.195679 0.961903 0.831545 -0.589923
78311.000000 -7433.000000 9539.000000 1907254.500000 231484.281250 838860.937500 3.251193 2.166893 3.286167 7192.928223 841.862976 1248.005005 0.027453 0.031447 -0.281720
62424.000000 -5879.000000 8629.000000 2477416.250000 628469.250000 900803.312500 3.318684 3.233563 3.235262 5767.341309 845.817993 1163.915771 -0.167715 -0.181451 -0.238809
33656.000000 2074.000000 1046.000000 3743534.000000 436545.281250 904264.125000 3.260641 3.243773 2.712745 3042.143066 474.949524 917.114624 0.778219 -0.302266 0.146170
52704.000000 5322.000000 -347.000000 893342.250000 132400.656250 50954.757812 3.324411 2.663345 3.041772 4900.273438 537.842346 236.293793 -0.967657 0.067970 0.121219
62404.000000 3500.000000 7074.000000 502408.062500 6476.758789 383194.531250 2.654056 2.864724 2.986535 5611.942383 316.683594 879.098755 0.587984 -0.173463 -0.725649
60981.000000 3053.000000 5539.000000 510885.687500 6315.172363 226098.671875 2.341153 3.003827 2.810110 5508.349609 280.895844 676.750366 -0.330233 -0.272075 -0.702157
59912.000000 -3952.000000 5154.000000 394286.562500 3501.862061 218172.796875 1.864090 2.478598 2.037380 5402.394531 359.251526 655.644653 0.974536 0.939335 -0.714699
59801.000000 -3910.000000 5140.000000 442577.531250 4305.137695 220782.171875 1.796500 2.332781 2.024889 5394.129395 355.076691 655.404053 0.985419 0.975214 -0.712456
61404.000000 -3608.000000 4189.000000 525274.062500 3949.275879 253459.609375 1.853113 3.054128 2.160709 5555.830566 331.785156 625.684753 0.427583 0.090540 -0.484335
79670.000000 -7822.000000 7414.000000 1112452.875000 152226.484375 157939.656250 3.156588 3.318233 2.989370 7267.079102 797.546997 780.398987 -0.450062 0.279885 -0.433170
52342.000000 -2920.000000 7302.000000 4030713.500000 227507.343750 625674.875000 3.157607 3.281018 2.689572 4868.311523 509.834747 1014.232971 0.535031 -0.068636 -0.058992
34897.000000 7593.000000 -772.000000 1105014.875000 34495.101562 76300.859375 3.160386 3.350089 3.184122 3315.699951 717.199158 232.084000 -0.429938 -0.475971 -0.017621
61560.000000 5802.000000 1752.000000 389979.781250 65065.550781 162112.031250 3.241539 2.721551 3.151059 5607.646484 547.922058 396.018890 -0.933587 0.107311 -0.480130
60218.000000 6045.000000 4016.000000 475484.906250 3052.586182 261909.281250 2.677365 3.110033 2.370361 5413.397949 542.564575 615.684631 0.064557 -0.151514 -0.560874
59655.000000 6002.000000 3395.000000 371399.468750 3579.379395 230439.859375 2.174007 2.831273 2.279935 5375.586426 542.542480 562.674133 -0.902788 -0.389117 -0.561217
59838.000000 -4350.000000 3092.000000 440138.562500 2738.414062 236709.984375 1.801547 2.253042 2.004601 5397.041016 392.678040 554.629883 0.983288 0.833223 -0.512548
59819.000000 -4370.000000 3132.000000 445639.031250 3021.310547 232584.093750 1.795952 2.086924 2.033570 5395.849121 394.683685 554.091125 0.987501 0.911546 -0.518051
59812.000000 -4361.000000 3167.000000 442070.531250 2912.896240 232792.390625 1.803516 2.057613 2.003264 5394.805664 394.055176 554.899048 0.990527 0.941556 -0.523373
62308.000000 -3589.000000 2057.000000 640544.062500 2086.344727 277040.031250 1.907055 3.256979 2.195147 5652.274414 321.767487 549.570923 0.326509 0.016513 -0.162280
81373.000000 -9232.000000 6736.000000 1149015.875000 173204.890625 308404.531250 3.223976 3.304189 3.205889 7423.657715 918.307190 803.325500 -0.583590 0.015689 -0.373066
47563.000000 -3414.000000 9145.000000 4975681.000000 200015.203125 1252946.750000 3.217742 3.244758 3.018592 4455.107910 536.755188 1370.353394 0.520166 0.075663 -0.034074
30555.000000 8451.000000 -447.000000 1680135.875000 61426.621094 89703.234375 3.236993 3.235852 3.169283 3032.974365 802.777466 236.559540 -0.463995 -0.185136 0.018762
64041.000000 5748.000000 3439.000000 469188.531250 77060.757812 149817.687500 3.262667 2.660090 3.147136 5843.709961 549.531921 484.020233 -0.943745 -0.012640 -0.653239
62072.000000 6272.000000 6820.000000 394826.281250 2409.068848 270842.406250 2.617288 3.177510 2.593587 5577.769043 561.674255 796.780334 0.573834 -0.308295 -0.702624
59734.000000 -4862.000000 4784.000000 442762.437500 4982.551270 222475.109375 1.779709 2.105922 2.035155 5388.235352 440.275513 634.354370 0.988033 0.948051 -0.685629
59729.000000 -4904.000000 4783.000000 448323.375000 4760.344727 221733.593750 1.792664 2.089194 2.022740 5388.237305 444.031860 634.788330 0.988010 0.929823 -0.685430
80054.000000 -8749.000000 8035.000000 1605529.125000 111255.273438 242685.687500 3.277718 2.785984 2.891663 7338.203125 853.053101 877.244324 0.085903 0.169053 -0.340531
55781.000000 -6017.000000 8498.000000 2996702.500000 217859.484375 366556.937500 3.200770 3.225731 3.133330 5264.835938 674.728271 957.827454 -0.106726 -0.144936 -0.229749
27692.000000 5242.000000 4523.000000 4117640.500000 758033.187500 970584.937500 3.305254 3.174132 3.176292 2651.623779 773.458740 835.157898 0.602612 -0.556152 0.099314
56375.000000 8631.000000 3866.000000 1082502.375000 240430.406250 47539.242188 3.278532 2.722142 3.149213 5247.044922 850.466553 413.564941 -0.990595 -0.147378 -0.430567
62271.000000 9872.000000 8359.000000 461314.062500 3893.862305 337848.406250 2.913803 2.861371 2.725298 5577.056152 887.756775 945.520874 0.509220 -0.226909 -0.694715
59216.000000 8478.000000 5448.000000 371316.625000 6560.758301 206663.000000 2.469322 3.005133 2.551457 5333.387207 764.337463 657.827515 -0.575913 -0.369001 -0.726952
60811.000000 7369.000000 6441.000000 303555.218750 11969.863281 182400.640625 2.437441 2.814922 2.476796 5484.713867 663.357117 721.364380 -0.958994 -0.619966 -0.814297
60005.000000 -1875.000000 3997.000000 418378.125000 1192.103394 224606.546875 1.796747 2.583407 2.082004 5410.651367 171.134323 591.680481 0.931991 0.872935 -0.615900
60008.000000 -1855.000000 3994.000000 420497.406250 1084.344849 226308.906250 1.792766 2.380037 2.066156 5411.018555 169.443726 592.335144 0.948885 0.837972 -0.612754
60000.000000 -1853.000000 3928.000000 420545.312500 1168.068970 226954.265625 1.757745 2.528078 2.050132 5410.203613 169.502457 588.446472 0.972309 0.856668 -0.607274
59997.000000 -1878.000000 3875.000000 427462.125000 1238.689697 228652.640625 1.787628 2.237919 2.074907 5410.264648 171.506058 587.843018 0.973424 0.890459 -0.601329
59991.000000 -1900.000000 3866.000000 432151.656250 987.068970 231229.843750 1.788246 2.273046 2.057633 5409.729980 173.097031 589.417542 0.986713 0.886174 -0.599424
76600.000000 -5832.000000 8321.000000 1409819.250000 207774.937500 307943.218750 3.286031 2.197132 2.350955 7003.334961 642.709351 943.914795 0.071504 0.244907 -0.398749
61213.000000 -5358.000000 10187.000000 2804961.000000 426781.687500 783630.687500 3.250649 3.312142 3.292984 5723.435059 754.137329 1253.132202 -0.211188 -0.046674 -0.300810
31526.000000 4804.000000 5185.000000 4087298.250000 683146.187500 1507606.250000 3.283065 3.170053 3.304652 2875.951172 818.780701 964.970215 0.761408 -0.266984 0.288598
51144.000000 6988.000000 604.000000 1512880.875000 342098.562500 105550.179688 3.289111 2.974266 3.311000 4818.614258 725.978699 256.260529 -0.959958 0.157281 -0.050880
59603.000000 -4057.000000 4342.000000 539882.187500 3298.379883 225770.375000 1.788799 2.233943 2.033230 5379.865234 367.377991 611.700745 0.985782 0.915610 -0.647563
59848.000000 -4113.000000 4272.000000 449860.437500 3577.172119 229637.546875 1.791220 2.177321 2.040994 5398.602051 372.907990 610.491760 0.985856 0.748144 -0.637302
78367.000000 -7255.000000 5573.000000 1518931.000000 178154.015625 214238.000000 3.320210 2.905050 2.694050 7173.263184 736.875000 687.606873 0.068767 0.272141 -0.317567
67181.000000 -5948.000000 6680.000000 2043289.250000 115764.851562 287262.406250 3.206456 3.310904 3.168679 6193.656250 631.447449 816.231628 -0.182201 -0.066598 -0.311791
37278.000000 2138.000000 6472.000000 2071855.750000 167831.937500 573984.875000 3.171584 3.221367 2.924390 3337.021484 375.596252 895.075439 0.759074 -0.373802 0.091104
51276.000000 5675.000000 3363.000000 1006855.812500 168666.203125 22039.826172 3.317285 3.003030 3.257837 4784.996094 557.869019 336.301849 -0.946643 0.364994 -0.363814
61668.000000 5566.000000 6331.000000 576628.125000 7593.689453 349665.218750 2.718787 3.259321 2.773762 5538.854980 511.796783 816.309998 0.552220 -0.479804 -0.701761
59647.000000 5745.000000 6366.000000 428599.781250 3025.137939 211941.109375 2.157518 3.167584 2.450255 5374.338379 518.684265 733.132385 -0.626631 -0.642004 -0.769373
60387.000000 5852.000000 6758.000000 348072.750000 5066.241211 199675.859375 2.249339 3.026562 2.230372 5446.153809 523.142761 752.682983 -0.916088 -0.521618 -0.819846
59854.000000 -3700.000000 3996.000000 441160.937500 2496.896484 228944.234375 1.794183 2.122423 1.987983 5398.338379 334.624359 594.113281 0.988568 0.984197 -0.613438
59852.000000 -3695.000000 4007.000000 440149.406250 2824.620605 227875.734375 1.793742 2.186515 1.983759 5398.282715 334.442657 593.719788 0.990447 0.982310 -0.615486
59854.000000 -3693.000000 3996.000000 441433.750000 2800.724121 227644.203125 1.763113 2.014896 1.971094 5398.253906 334.616364 593.443726 0.989449 0.978524 -0.614274
60954.000000 -3365.000000 3074.000000 492091.250000 1926.827637 262714.000000 1.782652 2.576369 2.041976 5511.149902 304.879517 581.781128 0.455236 0.077106 -0.400175
81002.000000 -9493.000000 14104.000000 1092830.875000 81768.484375 612458.375000 3.167424 3.287248 3.298733 7388.420410 909.402771 1471.311768 -0.437654 0.101088 -0.376111
50664.000000 -3851.000000 12647.000000 3969064.500000 192080.703125 1756604.250000 3.194556 3.193685 3.248198 4743.346680 559.143555 1710.220337 0.396621 0.101103 -0.120808
30369.000000 7104.000000 -3543.000000 1568806.625000 27215.761719 138814.281250 3.174736 3.200570 3.244155 2959.879150 670.310364 461.445160 -0.173573 -0.171377 0.095050
62161.000000 4923.000000 1854.000000 633511.625000 185877.062500 128762.242188 3.340422 2.900644 3.277756 5713.031250 542.722046 316.531555 -0.957246 -0.025448 -0.598266
61769.000000 6811.000000 7050.000000 517987.687500 1186.103394 305529.000000 2.832125 2.860123 2.410418 5540.385254 611.245972 838.914673 0.800666 -0.396275 -0.675348
